bestPath=[49,50,45,42,39,41,44,47,46,48,40,36,32,29,30,26,23,19,16,22,...
          28,20,17,14,13,8,7,3,6,12,18,25,33,34,31,24,21,11,10,2,4,5,1,...
          9,15,27,35,38,37,43]  
      
%For iteration 18, ant 2: path length = 121.10525